1000 12.0016
6000 15.5715
11000 16.6287
16000 16.6617
21000 16.6727
26000 16.6916
31000 16.681
36000 16.7026
41000 16.7245
46000 16.7428
51000 16.7495
56000 16.7586
61000 16.78
66000 16.781
71000 16.7623
76000 16.7708
81000 16.7593
86000 16.7708
91000 16.7517
96000 16.7559
101000 16.7586
106000 16.7478
111000 16.7485
116000 16.75
121000 16.7568
126000 16.7423
131000 16.7214
136000 16.728
141000 16.7167
146000 16.721
151000 16.717
156000 16.7096
161000 16.6964
166000 16.6883
171000 16.6777
176000 16.6743
181000 16.6713
186000 16.6731
191000 16.6712
196000 16.6722
201000 16.6679
206000 16.6631
211000 16.6631
216000 16.6677
221000 16.6689
226000 16.6695
231000 16.6665
236000 16.6783
241000 16.673
246000 16.6744
251000 16.6608
256000 16.6635
261000 16.6721
266000 16.6747
271000 16.6774
276000 16.6608
281000 16.6658
286000 16.6639
291000 16.6689
296000 16.6718
301000 16.6706
306000 16.6691
311000 16.6667
316000 16.6621
321000 16.6646
326000 16.6819
331000 16.6734
336000 16.6724
341000 16.6649
346000 16.6738
351000 16.6721
356000 16.6692
361000 16.6734
366000 16.6678
371000 16.6544
376000 16.6665
381000 16.6683
386000 16.6805
391000 16.674
396000 16.6567
401000 16.6532
406000 16.6702
411000 16.671
416000 16.6802
421000 16.6653
426000 16.6845
431000 16.6733
436000 16.6755
441000 16.657
446000 16.6741
451000 16.6776
456000 16.6715
461000 16.6835
466000 16.6639
471000 16.6767
476000 16.6751
481000 16.6624
486000 16.6696
491000 16.6619
496000 16.6795
501000 16.6682
506000 16.6692
511000 16.674
516000 16.6711
521000 16.6774
526000 16.6772
531000 16.672
536000 16.6637
541000 16.6689
546000 16.6792
551000 16.6768
556000 16.6724
561000 16.6707
566000 16.6677
571000 16.6683
576000 16.666
581000 16.675
586000 16.6807
591000 16.6766
596000 16.6752
601000 16.666
606000 16.6755
611000 16.6714
616000 16.6772
621000 16.6733
626000 16.6818
631000 16.6599
636000 16.6741
641000 16.6743
646000 16.6661
651000 16.6807
656000 16.6713
661000 16.6717
666000 16.6671
671000 16.6689
676000 16.6826
681000 16.6701
686000 16.6616
691000 16.6685
696000 16.6673
701000 16.6854
706000 16.6736
711000 16.6735
716000 16.6621
721000 16.6696
726000 16.6759
731000 16.6698
736000 16.6726
741000 16.6735
746000 16.6764
751000 16.6742
756000 16.6785
761000 16.6836
766000 16.6733
771000 16.6793
776000 16.6761
781000 16.682
786000 16.6717
791000 16.6724
796000 16.6847
801000 16.6722
806000 16.678
811000 16.6734
816000 16.688
821000 16.6696
826000 16.6741
831000 16.6838
836000 16.6643
841000 16.6577
846000 16.6723
851000 16.6916
856000 16.6805
861000 16.6752
866000 16.6623
871000 16.6723
876000 16.673
881000 16.6818
886000 16.6699
891000 16.6749
896000 16.6734
901000 16.68
906000 16.6733
911000 16.678
916000 16.6772
921000 16.6699
926000 16.6923
931000 16.6763
936000 16.6832
941000 16.6695
946000 16.6716
951000 16.6823
956000 16.661
961000 16.6582
966000 16.6801
971000 16.6811
976000 16.681
981000 16.6737
986000 16.6688
991000 16.6735
996000 16.6806
