1000 3.507
6000 3.4942
11000 3.5141
16000 3.515
21000 3.503
26000 3.4825
31000 3.4909
36000 3.526
41000 3.4865
46000 3.5079
51000 3.5059
56000 3.5063
61000 3.485
66000 3.5145
71000 3.4854
76000 3.5173
81000 3.5166
86000 3.5085
91000 3.5364
96000 3.5141
101000 3.4905
106000 3.4832
111000 3.5097
116000 3.5037
121000 3.5283
126000 3.4981
131000 3.5173
136000 3.5024
141000 3.5222
146000 3.515
151000 3.4994
156000 3.484
161000 3.5104
166000 3.4977
171000 3.5306
176000 3.4958
181000 3.5164
186000 3.5136
191000 3.5004
196000 3.4983
201000 3.5201
206000 3.4648
211000 3.4918
216000 3.5051
221000 3.4965
226000 3.4896
231000 3.4819
236000 3.5163
241000 3.5221
246000 3.4767
251000 3.4903
256000 3.5001
261000 3.5134
266000 3.5176
271000 3.5113
276000 3.5021
281000 3.512
286000 3.4856
291000 3.5075
296000 3.4971
301000 3.5183
306000 3.5105
311000 3.5065
316000 3.4952
321000 3.4949
326000 3.5033
331000 3.4977
336000 3.4966
341000 3.5174
346000 3.5132
351000 3.5431
356000 3.5023
361000 3.4937
366000 3.4979
371000 3.496
376000 3.5185
381000 3.4765
386000 3.5143
391000 3.4718
396000 3.4898
401000 3.5254
406000 3.5043
411000 3.5014
416000 3.4982
421000 3.5102
426000 3.5168
431000 3.5071
436000 3.5074
441000 3.4906
446000 3.4998
451000 3.4688
456000 3.4842
461000 3.5065
466000 3.5158
471000 3.4952
476000 3.5222
481000 3.5055
486000 3.4885
491000 3.4848
496000 3.4945
501000 3.4925
506000 3.5213
511000 3.5231
516000 3.5133
521000 3.4909
526000 3.4997
531000 3.5207
536000 3.526
541000 3.4995
546000 3.4914
551000 3.5115
556000 3.5017
561000 3.5212
566000 3.5123
571000 3.5456
576000 3.4893
581000 3.512
586000 3.4996
591000 3.5086
596000 3.5044
601000 3.5067
606000 3.5012
611000 3.5186
616000 3.4664
621000 3.5122
626000 3.4799
631000 3.5252
636000 3.5261
641000 3.5161
646000 3.5221
651000 3.5148
656000 3.5429
661000 3.5155
666000 3.4942
671000 3.4931
676000 3.5159
681000 3.5106
686000 3.5151
691000 3.5187
696000 3.5022
701000 3.4919
706000 3.5084
711000 3.5096
716000 3.4774
721000 3.5128
726000 3.495
731000 3.5089
736000 3.5133
741000 3.5178
746000 3.4969
751000 3.4944
756000 3.5158
761000 3.5166
766000 3.4977
771000 3.4895
776000 3.5175
781000 3.5214
786000 3.5097
791000 3.5013
796000 3.5163
801000 3.4901
806000 3.5376
811000 3.4793
816000 3.503
821000 3.5171
826000 3.515
831000 3.5028
836000 3.5198
841000 3.515
846000 3.4971
851000 3.5105
856000 3.4834
861000 3.5023
866000 3.5237
871000 3.5051
876000 3.4983
881000 3.4854
886000 3.4901
891000 3.4832
896000 3.5089
901000 3.503
906000 3.5034
911000 3.4989
916000 3.505
921000 3.5
926000 3.5002
931000 3.4946
936000 3.4742
941000 3.5068
946000 3.5053
951000 3.4999
956000 3.4734
961000 3.491
966000 3.5066
971000 3.5049
976000 3.5058
981000 3.5009
986000 3.4915
991000 3.507
996000 3.50605
