1000 3.4482
6000 3.4343
11000 3.47
16000 3.4538
21000 3.4414
26000 3.4246
31000 3.424
36000 3.4684
41000 3.434
46000 3.4371
51000 3.4564
56000 3.4507
61000 3.4253
66000 3.4621
71000 3.4256
76000 3.4671
81000 3.4539
86000 3.4515
91000 3.4777
96000 3.44
101000 3.4299
106000 3.4393
111000 3.4493
116000 3.4406
121000 3.4601
126000 3.445
131000 3.4449
136000 3.4541
141000 3.469
146000 3.4529
151000 3.4363
156000 3.4315
161000 3.4415
166000 3.4419
171000 3.4646
176000 3.4457
181000 3.4596
186000 3.4496
191000 3.4431
196000 3.4375
201000 3.4655
206000 3.4216
211000 3.4425
216000 3.437
221000 3.4334
226000 3.428
231000 3.427
236000 3.4438
241000 3.4555
246000 3.4218
251000 3.4512
256000 3.4432
261000 3.4464
266000 3.4712
271000 3.4467
276000 3.4419
281000 3.454
286000 3.4415
291000 3.4503
296000 3.4461
301000 3.4706
306000 3.4508
311000 3.4595
316000 3.4419
321000 3.4437
326000 3.4467
331000 3.4406
336000 3.4375
341000 3.4668
346000 3.4553
351000 3.4762
356000 3.4427
361000 3.4401
366000 3.444
371000 3.4496
376000 3.4538
381000 3.4219
386000 3.4589
391000 3.4153
396000 3.4288
401000 3.4616
406000 3.4352
411000 3.4438
416000 3.4484
421000 3.455
426000 3.4537
431000 3.4567
436000 3.4618
441000 3.4319
446000 3.4402
451000 3.4138
456000 3.4327
461000 3.451
466000 3.457
471000 3.446
476000 3.475
481000 3.4402
486000 3.4301
491000 3.4353
496000 3.436
501000 3.4429
506000 3.4668
511000 3.4575
516000 3.4523
521000 3.4441
526000 3.4388
531000 3.4608
536000 3.4697
541000 3.4327
546000 3.4386
551000 3.4554
556000 3.4449
561000 3.4642
566000 3.4619
571000 3.4812
576000 3.4256
581000 3.4524
586000 3.4403
591000 3.4375
596000 3.4442
601000 3.4492
606000 3.454
611000 3.4394
616000 3.4261
621000 3.4602
626000 3.4223
631000 3.4697
636000 3.4567
641000 3.4611
646000 3.4534
651000 3.4415
656000 3.4768
661000 3.4556
666000 3.4453
671000 3.4401
676000 3.4595
681000 3.4546
686000 3.4483
691000 3.451
696000 3.4327
701000 3.4465
706000 3.4594
711000 3.4474
716000 3.4259
721000 3.4656
726000 3.4547
731000 3.4498
736000 3.4508
741000 3.456
746000 3.4483
751000 3.4308
756000 3.4687
761000 3.4577
766000 3.441
771000 3.436
776000 3.4534
781000 3.4671
786000 3.4505
791000 3.4547
796000 3.465
801000 3.4447
806000 3.4659
811000 3.416
816000 3.4503
821000 3.452
826000 3.458
831000 3.4538
836000 3.4641
841000 3.4571
846000 3.4358
851000 3.4557
856000 3.4129
861000 3.4391
866000 3.4697
871000 3.4562
876000 3.4436
881000 3.4265
886000 3.4349
891000 3.4305
896000 3.4397
901000 3.4424
906000 3.4475
911000 3.4438
916000 3.4473
921000 3.4446
926000 3.4496
931000 3.4281
936000 3.4155
941000 3.4451
946000 3.4413
951000 3.4659
956000 3.4146
961000 3.4376
966000 3.451
971000 3.4357
976000 3.4539
981000 3.4505
986000 3.446
991000 3.4432
996000 3.44716
