1000 12.4216
6000 16.1556
11000 17.4358
16000 18.218
21000 18.7893
26000 19.236
31000 19.6004
36000 19.9164
41000 20.1823
46000 20.4222
51000 20.6385
56000 20.8374
61000 21.0186
66000 21.1817
71000 21.3334
76000 21.4781
81000 21.611
86000 21.7391
91000 21.8528
96000 21.9724
101000 22.0795
106000 22.1786
111000 22.2807
116000 22.3766
121000 22.4498
126000 22.5458
131000 22.6276
136000 22.7065
141000 22.7769
146000 22.8496
151000 22.9247
156000 22.9844
161000 23.0588
166000 23.1281
171000 23.1832
176000 23.2449
181000 23.3036
186000 23.3596
191000 23.4167
196000 23.467
201000 23.5452
206000 23.5947
211000 23.6487
216000 23.688
221000 23.7417
226000 23.7942
231000 23.8366
236000 23.8773
241000 23.9197
246000 23.9644
251000 24.0096
256000 24.0525
261000 24.0942
266000 24.1374
271000 24.1677
276000 24.2075
281000 24.2418
286000 24.2807
291000 24.3139
296000 24.3537
301000 24.3866
306000 24.4254
311000 24.4559
316000 24.4915
321000 24.5264
326000 24.5514
331000 24.5868
336000 24.6236
341000 24.644
346000 24.6779
351000 24.7104
356000 24.7388
361000 24.7662
366000 24.7966
371000 24.8235
376000 24.854
381000 24.895
386000 24.9121
391000 24.9348
396000 24.9597
401000 24.9817
406000 25.0153
411000 25.0466
416000 25.069
421000 25.0892
426000 25.1198
431000 25.1457
436000 25.1672
441000 25.1898
446000 25.2174
451000 25.2362
456000 25.2615
461000 25.2876
466000 25.3124
471000 25.3275
476000 25.3493
481000 25.3702
486000 25.3918
491000 25.4111
496000 25.4344
501000 25.5143
506000 25.5248
511000 25.5588
516000 25.5733
521000 25.5935
526000 25.6218
531000 25.6352
536000 25.6567
541000 25.6641
546000 25.6932
551000 25.6957
556000 25.7253
561000 25.7433
566000 25.7657
571000 25.7852
576000 25.8034
581000 25.8347
586000 25.8268
591000 25.862
596000 25.8813
601000 25.895
606000 25.9102
611000 25.9225
616000 25.9482
621000 25.9622
626000 25.9808
631000 25.9924
636000 26.0134
641000 26.0217
646000 26.039
651000 26.0629
656000 26.0743
661000 26.095
666000 26.1178
671000 26.1208
676000 26.14
681000 26.1536
686000 26.1733
691000 26.1879
696000 26.2025
701000 26.2152
706000 26.228
711000 26.245
716000 26.2544
721000 26.2734
726000 26.2893
731000 26.3024
736000 26.3193
741000 26.3244
746000 26.343
751000 26.355
756000 26.3767
761000 26.3877
766000 26.4064
771000 26.4146
776000 26.427
781000 26.4396
786000 26.4503
791000 26.4635
796000 26.4788
801000 26.491
806000 26.5088
811000 26.5168
816000 26.5256
821000 26.5499
826000 26.5622
831000 26.5687
836000 26.5922
841000 26.5912
846000 26.6121
851000 26.6198
856000 26.6363
861000 26.6446
866000 26.6618
871000 26.6716
876000 26.6807
881000 26.6956
886000 26.7065
891000 26.7144
896000 26.7317
901000 26.7407
906000 26.747
911000 26.7603
916000 26.7777
921000 26.7896
926000 26.7975
931000 26.8082
936000 26.8197
941000 26.8314
946000 26.8436
951000 26.8536
956000 26.8622
961000 26.8737
966000 26.8917
971000 26.893
976000 26.906
981000 26.9128
986000 26.9303
991000 26.9471
996000 26.9509
