1000 12.4216
6000 16.1556
11000 17.2421
16000 17.2475
21000 17.2537
26000 17.2663
31000 17.2581
36000 17.2614
41000 17.2753
46000 17.2622
51000 17.252
56000 17.2517
61000 17.2553
66000 17.2438
71000 17.2355
76000 17.264
81000 17.2467
86000 17.2668
91000 17.2556
96000 17.2542
101000 17.2707
106000 17.2536
111000 17.2723
116000 17.2768
121000 17.2697
126000 17.273
131000 17.2777
136000 17.2839
141000 17.2732
146000 17.2872
151000 17.2953
156000 17.2948
161000 17.2858
166000 17.2848
171000 17.2876
176000 17.2841
181000 17.2883
186000 17.3009
191000 17.2979
196000 17.3013
201000 17.3038
206000 17.3015
211000 17.3045
216000 17.3071
221000 17.3033
226000 17.3028
231000 17.3111
236000 17.3174
241000 17.3144
246000 17.3142
251000 17.2993
256000 17.2999
261000 17.3174
266000 17.3116
271000 17.311
276000 17.298
281000 17.3026
286000 17.3072
291000 17.3045
296000 17.3048
301000 17.3155
306000 17.2948
311000 17.3124
316000 17.3
321000 17.297
326000 17.3158
331000 17.3058
336000 17.3103
341000 17.3047
346000 17.3137
351000 17.3068
356000 17.3074
361000 17.3088
366000 17.3054
371000 17.3075
376000 17.2998
381000 17.3118
386000 17.3168
391000 17.3112
396000 17.2967
401000 17.2877
406000 17.3045
411000 17.3115
416000 17.309
421000 17.2983
426000 17.315
431000 17.3092
436000 17.3108
441000 17.2922
446000 17.3114
451000 17.3099
456000 17.305
461000 17.3155
466000 17.296
471000 17.3097
476000 17.3149
481000 17.3052
486000 17.3132
491000 17.304
496000 17.3162
501000 17.3019
506000 17.3072
511000 17.3056
516000 17.3107
521000 17.3125
526000 17.3088
531000 17.3092
536000 17.2935
541000 17.3054
546000 17.3133
551000 17.3111
556000 17.3097
561000 17.3059
566000 17.306
571000 17.3042
576000 17.3074
581000 17.3125
586000 17.3122
591000 17.3081
596000 17.3089
601000 17.3032
606000 17.3035
611000 17.3061
616000 17.311
621000 17.313
626000 17.3175
631000 17.2969
636000 17.3121
641000 17.3103
646000 17.3095
651000 17.3151
656000 17.3042
661000 17.3049
666000 17.3062
671000 17.3044
676000 17.3086
681000 17.314
686000 17.3008
691000 17.2997
696000 17.3021
701000 17.3194
706000 17.3065
711000 17.3091
716000 17.2963
721000 17.3011
726000 17.3153
731000 17.3126
736000 17.3171
741000 17.3081
746000 17.3094
751000 17.3081
756000 17.3158
761000 17.3154
766000 17.3106
771000 17.3164
776000 17.3112
781000 17.3166
786000 17.3076
791000 17.3068
796000 17.3307
801000 17.3127
806000 17.305
811000 17.299
816000 17.3132
821000 17.3044
826000 17.3111
831000 17.3185
836000 17.3004
841000 17.3016
846000 17.313
851000 17.3214
856000 17.3115
861000 17.3151
866000 17.2957
871000 17.3064
876000 17.3095
881000 17.3176
886000 17.3022
891000 17.31
896000 17.3114
901000 17.3188
906000 17.3057
911000 17.3166
916000 17.311
921000 17.3044
926000 17.3212
931000 17.3111
936000 17.3132
941000 17.308
946000 17.3093
951000 17.3096
956000 17.2982
961000 17.2963
966000 17.322
971000 17.3112
976000 17.3145
981000 17.3111
986000 17.3132
991000 17.3075
996000 17.3182
