1000 12.0016
6000 15.5715
11000 16.8154
16000 17.5641
21000 18.1115
26000 18.5369
31000 18.8853
36000 19.1901
41000 19.4392
46000 19.6701
51000 19.8809
56000 20.0731
61000 20.2506
66000 20.4015
71000 20.5496
76000 20.6876
81000 20.8182
86000 20.9308
91000 21.042
96000 21.1642
101000 21.305
106000 21.3074
111000 21.3199
116000 21.3312
121000 21.3505
126000 21.3475
131000 21.3768
136000 21.3566
141000 21.3752
146000 21.3704
151000 21.3947
156000 21.4013
161000 21.4116
166000 21.4201
171000 21.4087
176000 21.4102
181000 21.4011
186000 21.4199
191000 21.4255
196000 21.4197
201000 21.442
206000 21.4426
211000 21.4278
216000 21.4188
221000 21.4404
226000 21.4428
231000 21.4463
236000 21.4436
241000 21.4641
246000 21.4498
251000 21.4579
256000 21.4711
261000 21.4743
266000 21.4566
271000 21.4663
276000 21.4623
281000 21.4701
286000 21.4731
291000 21.4766
296000 21.4743
301000 21.4644
306000 21.4564
311000 21.4688
316000 21.4727
321000 21.4832
326000 21.4835
331000 21.5018
336000 21.4945
341000 21.5021
346000 21.5123
351000 21.5111
356000 21.5155
361000 21.5292
366000 21.5234
371000 21.5415
376000 21.5155
381000 21.5217
386000 21.576
391000 21.5495
396000 21.5818
401000 21.5952
406000 21.5516
411000 21.5355
416000 21.562
421000 21.5788
426000 21.5631
431000 21.5702
436000 21.5883
441000 21.5539
446000 21.6051
451000 21.5876
456000 21.6108
461000 21.5778
466000 21.6104
471000 21.6058
476000 21.6174
481000 21.6733
486000 21.6139
491000 21.6164
496000 21.6422
501000 21.6499
506000 21.6188
511000 21.6251
516000 21.6435
521000 21.6654
526000 21.6946
531000 21.6673
536000 21.6529
541000 21.6679
546000 21.6511
551000 21.6756
556000 21.651
561000 21.6681
566000 21.6441
571000 21.6913
576000 21.7099
581000 21.7492
586000 21.657
591000 21.6804
596000 21.7951
601000 21.7092
606000 21.6941
611000 21.7146
616000 21.6901
621000 21.7246
626000 21.6862
631000 21.7616
636000 21.7467
641000 21.7379
646000 21.7115
651000 21.7802
656000 21.7432
661000 21.7277
666000 21.7521
671000 21.7527
676000 21.7874
681000 21.7329
686000 21.7429
691000 21.7476
696000 21.7717
701000 21.7425
706000 21.7569
711000 21.72
716000 21.717
721000 21.7398
726000 21.7355
731000 21.739
736000 21.7245
741000 21.6723
746000 21.7538
751000 21.7571
756000 21.7378
761000 21.7382
766000 21.7147
771000 21.6991
776000 21.6793
781000 21.7068
786000 21.7296
791000 21.7234
796000 21.7385
801000 21.7046
806000 21.7227
811000 21.7461
816000 21.6797
821000 21.7313
826000 21.7032
831000 21.6958
836000 21.6862
841000 21.6826
846000 21.7221
851000 21.6937
856000 21.6571
861000 21.7647
866000 21.6413
871000 21.7483
876000 21.71
881000 21.6492
886000 21.6741
891000 21.7324
896000 21.7311
901000 21.6417
906000 21.7156
911000 21.7007
916000 21.6954
921000 21.6675
926000 21.6532
931000 21.7008
936000 21.6687
941000 21.7042
946000 21.6868
951000 21.6625
956000 21.6684
961000 21.6871
966000 21.6912
971000 21.7158
976000 21.654
981000 21.7342
986000 21.6581
991000 21.6616
996000 21.6414
