1000 12.4216
6000 12.4324
11000 12.4397
16000 12.4473
21000 12.4321
26000 12.4215
31000 12.452
36000 12.4288
41000 12.4644
46000 12.447
51000 12.4254
56000 12.4491
61000 12.4364
66000 12.4358
71000 12.4315
76000 12.452
81000 12.4466
86000 12.4586
91000 12.451
96000 12.4362
101000 12.4469
106000 12.4647
111000 12.4512
116000 12.4548
121000 12.4708
126000 12.472
131000 12.4513
136000 12.456
141000 12.4663
146000 12.4658
151000 12.4465
156000 12.453
161000 12.4526
166000 12.4448
171000 12.446
176000 12.4481
181000 12.4589
186000 12.4692
191000 12.4442
196000 12.4551
201000 12.4406
206000 12.4363
211000 12.4611
216000 12.4678
221000 12.452
226000 12.4683
231000 12.4554
236000 12.4611
241000 12.4629
246000 12.4464
251000 12.4703
256000 12.4524
261000 12.4431
266000 12.4318
271000 12.4696
276000 12.4391
281000 12.4516
286000 12.4574
291000 12.4635
296000 12.4457
301000 12.458
306000 12.4335
311000 12.445
316000 12.4639
321000 12.4527
326000 12.4606
331000 12.4495
336000 12.4748
341000 12.4397
346000 12.4524
351000 12.4619
356000 12.4368
361000 12.4439
366000 12.4531
371000 12.4506
376000 12.4388
381000 12.4564
386000 12.4474
391000 12.4598
396000 12.4603
401000 12.4391
406000 12.454
411000 12.4592
416000 12.4344
421000 12.4383
426000 12.4406
431000 12.4747
436000 12.4573
441000 12.4645
446000 12.4503
451000 12.466
456000 12.4479
461000 12.4497
466000 12.4642
471000 12.4536
476000 12.4425
481000 12.445
486000 12.4518
491000 12.4263
496000 12.4445
501000 12.4575
506000 12.464
511000 12.4536
516000 12.4552
521000 12.4644
526000 12.4328
531000 12.436
536000 12.4585
541000 12.4444
546000 12.458
551000 12.4565
556000 12.4564
561000 12.4567
566000 12.4365
571000 12.4585
576000 12.4629
581000 12.4543
586000 12.4358
591000 12.4623
596000 12.4376
601000 12.4538
606000 12.4602
611000 12.4568
616000 12.4358
621000 12.4526
626000 12.4389
631000 12.4367
636000 12.4449
641000 12.4569
646000 12.4533
651000 12.4367
656000 12.4676
661000 12.4549
666000 12.4426
671000 12.4554
676000 12.4511
681000 12.4478
686000 12.443
691000 12.4709
696000 12.4308
701000 12.4324
706000 12.4798
711000 12.4357
716000 12.4781
721000 12.4521
726000 12.45
731000 12.4536
736000 12.4419
741000 12.4525
746000 12.4517
751000 12.4406
756000 12.4442
761000 12.4527
766000 12.445
771000 12.4413
776000 12.4356
781000 12.4511
786000 12.4342
791000 12.4236
796000 12.4422
801000 12.4442
806000 12.4448
811000 12.4377
816000 12.4584
821000 12.4554
826000 12.4464
831000 12.4667
836000 12.4496
841000 12.4563
846000 12.4315
851000 12.4495
856000 12.437
861000 12.4454
866000 12.4546
871000 12.4469
876000 12.4829
881000 12.4545
886000 12.4524
891000 12.4609
896000 12.4501
901000 12.4415
906000 12.4505
911000 12.4796
916000 12.4591
921000 12.4519
926000 12.4585
931000 12.4425
936000 12.446
941000 12.4485
946000 12.4501
951000 12.4533
956000 12.4576
961000 12.4603
966000 12.4388
971000 12.4254
976000 12.4375
981000 12.4578
986000 12.4618
991000 12.4503
996000 12.4392
