1000 7.722
6000 7.7261
11000 7.727
16000 7.7063
21000 7.7186
26000 7.7339
31000 7.6911
36000 7.7363
41000 7.6817
46000 7.6888
51000 7.732
56000 7.7147
61000 7.7069
66000 7.7029
71000 7.6975
76000 7.6926
81000 7.7037
86000 7.7044
91000 7.7479
96000 7.7158
101000 7.7023
106000 7.6617
111000 7.704
116000 7.7077
121000 7.7233
126000 7.6804
131000 7.6922
136000 7.7264
141000 7.7161
146000 7.681
151000 7.7304
156000 7.706
161000 7.728
166000 7.712
171000 7.7111
176000 7.7351
181000 7.7264
186000 7.7156
191000 7.7263
196000 7.7331
201000 7.7353
206000 7.7386
211000 7.7082
216000 7.6959
221000 7.702
226000 7.731
231000 7.6962
236000 7.733
241000 7.7146
246000 7.7125
251000 7.7065
256000 7.6833
261000 7.7132
266000 7.7343
271000 7.7096
276000 7.714
281000 7.6997
286000 7.6881
291000 7.7459
296000 7.6972
301000 7.7892
306000 7.6709
311000 7.7361
316000 7.7134
321000 7.7237
326000 7.7316
331000 7.7112
336000 7.7108
341000 7.7163
346000 7.7176
351000 7.7358
356000 7.7267
361000 7.7433
366000 7.7114
371000 7.7433
376000 7.7729
381000 7.6795
386000 7.6891
391000 7.6922
396000 7.7478
401000 7.7584
406000 7.6893
411000 7.7338
416000 7.7409
421000 7.7094
426000 7.7508
431000 7.7138
436000 7.6906
441000 7.6906
446000 7.7351
451000 7.7033
456000 7.7021
461000 7.7146
466000 7.7205
471000 7.73
476000 7.7109
481000 7.6944
486000 7.7231
491000 7.737
496000 7.7357
501000 7.6883
506000 7.7032
511000 7.7398
516000 7.689
521000 7.7233
526000 7.7218
531000 7.7173
536000 7.733
541000 7.7414
546000 7.6895
551000 7.6773
556000 7.7348
561000 7.7479
566000 7.7206
571000 7.7351
576000 7.7282
581000 7.731
586000 7.7411
591000 7.7042
596000 7.7122
601000 7.7184
606000 7.7204
611000 7.7046
616000 7.7309
621000 7.7433
626000 7.6828
631000 7.7557
636000 7.7584
641000 7.6874
646000 7.6969
651000 7.7329
656000 7.7525
661000 7.696
666000 7.7273
671000 7.7018
676000 7.6969
681000 7.7168
686000 7.7476
691000 7.7305
696000 7.7227
701000 7.7027
706000 7.7177
711000 7.7024
716000 7.6831
721000 7.7049
726000 7.6805
731000 7.6944
736000 7.7331
741000 7.7276
746000 7.6807
751000 7.6908
756000 7.7461
761000 7.7573
766000 7.7221
771000 7.6896
776000 7.7142
781000 7.7611
786000 7.7256
791000 7.6717
796000 7.7086
801000 7.686
806000 7.7129
811000 7.657
816000 7.7175
821000 7.6613
826000 7.7337
831000 7.6746
836000 7.7241
841000 7.6998
846000 7.7133
851000 7.728
856000 7.7536
861000 7.7355
866000 7.7037
871000 7.6872
876000 7.7388
881000 7.6879
886000 7.7172
891000 7.6526
896000 7.692
901000 7.707
906000 7.7349
911000 7.7179
916000 7.7009
921000 7.6745
926000 7.683
931000 7.6971
936000 7.7361
941000 7.728
946000 7.7061
951000 7.6771
956000 7.7428
961000 7.6949
966000 7.7362
971000 7.7399
976000 7.6763
981000 7.7412
986000 7.7343
991000 7.7216
996000 7.72103
