1000 12.4216
6000 16.1556
11000 17.4358
16000 18.218
21000 18.7893
26000 19.236
31000 19.6004
36000 19.9164
41000 20.1823
46000 20.4222
51000 20.6385
56000 20.8374
61000 21.0186
66000 21.1817
71000 21.3334
76000 21.4781
81000 21.611
86000 21.7391
91000 21.8528
96000 21.9724
101000 22.0613
106000 22.0664
111000 22.0692
116000 22.0733
121000 22.0784
126000 22.0801
131000 22.0919
136000 22.0899
141000 22.084
146000 22.0898
151000 22.0995
156000 22.0931
161000 22.0939
166000 22.1015
171000 22.0975
176000 22.1032
181000 22.1022
186000 22.1055
191000 22.1002
196000 22.1074
201000 22.1042
206000 22.1093
211000 22.1046
216000 22.1003
221000 22.1064
226000 22.1082
231000 22.1078
236000 22.1086
241000 22.1105
246000 22.1075
251000 22.117
256000 22.1128
261000 22.1159
266000 22.1138
271000 22.114
276000 22.1131
281000 22.1185
286000 22.1159
291000 22.1177
296000 22.117
301000 22.1182
306000 22.121
311000 22.1134
316000 22.1179
321000 22.1133
326000 22.1225
331000 22.1182
336000 22.1236
341000 22.1178
346000 22.1239
351000 22.1196
356000 22.1216
361000 22.1132
366000 22.123
371000 22.1252
376000 22.1155
381000 22.1237
386000 22.1208
391000 22.113
396000 22.1202
401000 22.1181
406000 22.1152
411000 22.119
416000 22.117
421000 22.1131
426000 22.1202
431000 22.1208
436000 22.1205
441000 22.1112
446000 22.117
451000 22.1154
456000 22.1175
461000 22.1152
466000 22.1168
471000 22.113
476000 22.1115
481000 22.109
486000 22.107
491000 22.111
496000 22.1101
501000 22.1085
506000 22.1092
511000 22.1095
516000 22.1127
521000 22.1091
526000 22.1062
531000 22.1103
536000 22.1035
541000 22.107
546000 22.1025
551000 22.1043
556000 22.1112
561000 22.1046
566000 22.1068
571000 22.1021
576000 22.1042
581000 22.1103
586000 22.0993
591000 22.1001
596000 22.0954
601000 22.1018
606000 22.0968
611000 22.0928
616000 22.0956
621000 22.098
626000 22.0967
631000 22.1001
636000 22.0935
641000 22.0911
646000 22.0866
651000 22.0863
656000 22.1001
661000 22.0936
666000 22.0889
671000 22.085
676000 22.0886
681000 22.0899
686000 22.0996
691000 22.1002
696000 22.0913
701000 22.0914
706000 22.0923
711000 22.1028
716000 22.0944
721000 22.1009
726000 22.0937
731000 22.0992
736000 22.0986
741000 22.0904
746000 22.0993
751000 22.0962
756000 22.0958
761000 22.099
766000 22.1019
771000 22.0988
776000 22.0977
781000 22.1072
786000 22.0975
791000 22.1021
796000 22.1033
801000 22.0962
806000 22.1075
811000 22.1083
816000 22.1125
821000 22.1037
826000 22.097
831000 22.1015
836000 22.113
841000 22.0996
846000 22.1075
851000 22.1126
856000 22.1058
861000 22.1002
866000 22.1049
871000 22.1084
876000 22.1052
881000 22.1036
886000 22.1085
891000 22.1103
896000 22.1117
901000 22.1076
906000 22.1119
911000 22.1098
916000 22.1106
921000 22.1114
926000 22.112
931000 22.1094
936000 22.1146
941000 22.1152
946000 22.1146
951000 22.1207
956000 22.111
961000 22.1172
966000 22.1195
971000 22.1223
976000 22.1198
981000 22.1175
986000 22.1181
991000 22.1176
996000 22.1173
