1000 12.0016
6000 12.0476
11000 12.0436
16000 12.0321
21000 12.0002
26000 12.0004
31000 12.0276
36000 11.9974
41000 12.0361
46000 12.0259
51000 12.0063
56000 12.0112
61000 12.01
66000 11.9997
71000 12.0033
76000 12.0154
81000 12.0213
86000 12.0394
91000 12.027
96000 12.0001
101000 12.0214
106000 12.0333
111000 12.0172
116000 12.0219
121000 12.051
126000 12.046
131000 12.0244
136000 12.0312
141000 12.0418
146000 12.0424
151000 12.0324
156000 12.02
161000 12.0174
166000 12.0148
171000 12.0227
176000 12.0186
181000 12.0255
186000 12.0331
191000 12.0169
196000 12.0397
201000 12.0096
206000 12.0179
211000 12.0254
216000 12.0312
221000 12.0206
226000 12.0429
231000 12.0359
236000 12.0198
241000 12.0348
246000 12.03
251000 12.0408
256000 12.0329
261000 12.0193
266000 12.0123
271000 12.0367
276000 12.0177
281000 12.0178
286000 12.024
291000 12.0333
296000 12.0331
301000 12.0382
306000 12.0025
311000 12.0167
316000 12.0341
321000 12.0288
326000 12.0338
331000 12.0289
336000 12.0376
341000 12.0178
346000 12.0222
351000 12.0434
356000 12.0039
361000 12.0262
366000 12.0346
371000 12.0231
376000 12.0156
381000 12.0396
386000 12.0149
391000 12.0346
396000 12.0359
401000 12.0124
406000 12.017
411000 12.0314
416000 12.0195
421000 12.0255
426000 12.0126
431000 12.0423
436000 12.0275
441000 12.0486
446000 12.0366
451000 12.0406
456000 12.0254
461000 12.0337
466000 12.031
471000 12.0299
476000 12.0154
481000 12.0217
486000 12.0201
491000 12.0003
496000 12.0181
501000 12.0212
506000 12.0416
511000 12.0363
516000 12.0297
521000 12.0216
526000 12.0163
531000 12.0075
536000 12.0285
541000 12.0265
546000 12.035
551000 12.0331
556000 12.0279
561000 12.0239
566000 12.0119
571000 12.028
576000 12.034
581000 12.0299
586000 12.002
591000 12.041
596000 12.0198
601000 12.0441
606000 12.0246
611000 12.0372
616000 12.0157
621000 12.0357
626000 12.0236
631000 12.012
636000 12.0274
641000 12.0231
646000 12.0293
651000 12.021
656000 12.0368
661000 12.0293
666000 12.0162
671000 12.0345
676000 12.0309
681000 12.0309
686000 12.0176
691000 12.0213
696000 12.0098
701000 12.002
706000 12.0488
711000 12.0106
716000 12.0447
721000 12.0299
726000 12.0181
731000 12.0312
736000 12.0045
741000 12.036
746000 12.0297
751000 12.0206
756000 12.0141
761000 12.028
766000 12.0279
771000 12.0167
776000 12.0067
781000 12.0218
786000 12.006
791000 12.0117
796000 12.0172
801000 12.0226
806000 12.0312
811000 12.0185
816000 12.0275
821000 12.0362
826000 12.0195
831000 12.0469
836000 12.0232
841000 12.0437
846000 12.0036
851000 12.0273
856000 12.0183
861000 12.0176
866000 12.039
871000 12.0214
876000 12.0605
881000 12.0257
886000 12.027
891000 12.0189
896000 12.0394
901000 12.0256
906000 12.0372
911000 12.0454
916000 12.0284
921000 12.028
926000 12.0269
931000 12.0304
936000 12.0199
941000 12.0252
946000 12.0267
951000 12.0137
956000 12.0396
961000 12.0281
966000 12.0159
971000 12.0131
976000 11.9992
981000 12.0254
986000 12.0243
991000 12.029
996000 12.0144
