1000 7.4994
6000 7.5299
11000 7.5087
16000 7.489
21000 7.5056
26000 7.5128
31000 7.4663
36000 7.5142
41000 7.4683
46000 7.4777
51000 7.5103
56000 7.4915
61000 7.4992
66000 7.4645
71000 7.491
76000 7.4815
81000 7.4972
86000 7.4861
91000 7.5008
96000 7.4815
101000 7.4849
106000 7.4205
111000 7.4795
116000 7.4847
121000 7.5125
126000 7.482
131000 7.487
136000 7.5042
141000 7.487
146000 7.4724
151000 7.4935
156000 7.4749
161000 7.4981
166000 7.4854
171000 7.4892
176000 7.5055
181000 7.5165
186000 7.4988
191000 7.5164
196000 7.5027
201000 7.494
206000 7.5056
211000 7.478
216000 7.4836
221000 7.4829
226000 7.5004
231000 7.48
236000 7.5154
241000 7.5001
246000 7.5042
251000 7.4976
256000 7.4678
261000 7.5017
266000 7.5247
271000 7.4999
276000 7.5017
281000 7.4703
286000 7.4616
291000 7.5143
296000 7.484
301000 7.562
306000 7.4392
311000 7.5018
316000 7.4939
321000 7.4943
326000 7.5129
331000 7.512
336000 7.5076
341000 7.4863
346000 7.4992
351000 7.5205
356000 7.4959
361000 7.5206
366000 7.4874
371000 7.5306
376000 7.5639
381000 7.4563
386000 7.4695
391000 7.4808
396000 7.5216
401000 7.5628
406000 7.4838
411000 7.5101
416000 7.5169
421000 7.4823
426000 7.5308
431000 7.5134
436000 7.4903
441000 7.4959
446000 7.5083
451000 7.4858
456000 7.4779
461000 7.4802
466000 7.5164
471000 7.5174
476000 7.5089
481000 7.4796
486000 7.514
491000 7.5134
496000 7.5094
501000 7.4873
506000 7.4747
511000 7.5062
516000 7.4838
521000 7.496
526000 7.4775
531000 7.485
536000 7.5256
541000 7.5178
546000 7.4871
551000 7.4701
556000 7.489
561000 7.5208
566000 7.4928
571000 7.5101
576000 7.5035
581000 7.512
586000 7.515
591000 7.4858
596000 7.4744
601000 7.4935
606000 7.5076
611000 7.4819
616000 7.527
621000 7.5358
626000 7.4705
631000 7.5062
636000 7.526
641000 7.4757
646000 7.4693
651000 7.4958
656000 7.527
661000 7.4783
666000 7.4855
671000 7.5089
676000 7.5027
681000 7.5142
686000 7.5156
691000 7.5134
696000 7.4989
701000 7.4973
706000 7.5076
711000 7.4949
716000 7.4789
721000 7.4784
726000 7.4724
731000 7.475
736000 7.5193
741000 7.5141
746000 7.4514
751000 7.497
756000 7.5309
761000 7.5329
766000 7.4963
771000 7.451
776000 7.4998
781000 7.548
786000 7.5012
791000 7.4807
796000 7.4944
801000 7.4802
806000 7.4869
811000 7.43
816000 7.5117
821000 7.455
826000 7.5142
831000 7.4556
836000 7.5106
841000 7.4763
846000 7.4888
851000 7.5284
856000 7.5089
861000 7.4922
866000 7.4958
871000 7.4802
876000 7.5061
881000 7.4792
886000 7.5048
891000 7.4515
896000 7.4586
901000 7.4842
906000 7.5057
911000 7.4834
916000 7.4901
921000 7.4718
926000 7.4736
931000 7.4675
936000 7.502
941000 7.5106
946000 7.4786
951000 7.4771
956000 7.5054
961000 7.4923
966000 7.4995
971000 7.523
976000 7.4799
981000 7.5097
986000 7.5221
991000 7.5059
996000 7.50365
