1000 12.0016
6000 15.5715
11000 16.8154
16000 17.5641
21000 18.1115
26000 18.5369
31000 18.8853
36000 19.1901
41000 19.4392
46000 19.6701
51000 19.8809
56000 20.0731
61000 20.2506
66000 20.4015
71000 20.5496
76000 20.6876
81000 20.8182
86000 20.9308
91000 21.042
96000 21.1642
101000 21.3159
106000 21.4284
111000 21.5066
116000 21.5941
121000 21.6815
126000 21.7621
131000 21.8515
136000 21.9216
141000 21.9957
146000 22.0572
151000 22.126
156000 22.1872
161000 22.2576
166000 22.3268
171000 22.3768
176000 22.4382
181000 22.4994
186000 22.5584
191000 22.6051
196000 22.6586
201000 23.0265
206000 23.055
211000 23.0949
216000 23.1327
221000 23.1783
226000 23.2567
231000 23.3226
236000 23.3245
241000 23.3892
246000 23.4432
251000 23.4975
256000 23.5318
261000 23.5358
266000 23.6358
271000 23.6294
276000 23.689
281000 23.6977
286000 23.7306
291000 23.7821
296000 23.8365
301000 23.8402
306000 23.8733
311000 23.9155
316000 23.9534
321000 23.9489
326000 24.0064
331000 24.0335
336000 24.0525
341000 24.0817
346000 24.1485
351000 24.1452
356000 24.1981
361000 24.2068
366000 24.2748
371000 24.2507
376000 24.278
381000 24.3368
386000 24.333
391000 24.3794
396000 24.4024
401000 24.4003
406000 24.4312
411000 24.4687
416000 24.5261
421000 24.5377
426000 24.5457
431000 24.6084
436000 24.6058
441000 24.6292
446000 24.6353
451000 24.6744
456000 24.6975
461000 24.7428
466000 24.7384
471000 24.7963
476000 24.7833
481000 24.809
486000 24.8252
491000 24.8535
496000 24.8852
501000 25.8577
506000 25.8428
511000 25.8376
516000 25.8978
521000 25.9714
526000 25.9174
531000 25.9711
536000 25.9021
541000 25.9261
546000 26.1116
551000 26.1241
556000 26.0593
561000 26.1749
566000 26.1244
571000 26.182
576000 26.0947
581000 26.223
586000 26.1989
591000 26.2316
596000 26.197
601000 26.2541
606000 26.2494
611000 26.2797
616000 26.2802
621000 26.354
626000 26.3204
631000 26.4372
636000 26.3803
641000 26.3467
646000 26.3945
651000 26.5122
656000 26.5323
661000 26.4099
666000 26.5079
671000 26.4871
676000 26.5826
681000 26.5046
686000 26.6501
691000 26.6434
696000 26.572
701000 26.6114
706000 26.5206
711000 26.662
716000 26.5727
721000 26.6486
726000 26.6223
731000 26.6762
736000 26.8557
741000 26.7487
746000 26.6638
751000 26.7146
756000 26.8022
761000 26.8807
766000 26.8064
771000 26.8496
776000 26.7897
781000 26.8725
786000 26.8194
791000 26.8829
796000 26.7595
801000 26.9177
806000 26.9319
811000 26.9424
816000 26.9523
821000 26.9957
826000 26.8809
831000 26.8739
836000 27.0223
841000 27.1334
846000 27.0298
851000 27.0049
856000 26.982
861000 27.1007
866000 27.0258
871000 26.969
876000 27.0603
881000 27.1152
886000 27.0136
891000 27.2038
896000 27.2307
901000 27.0694
906000 27.1198
911000 27.0214
916000 27.1277
921000 27.152
926000 27.2894
931000 27.3036
936000 27.3889
941000 27.2873
946000 27.2123
951000 27.2275
956000 27.2549
961000 27.3156
966000 27.3147
971000 27.3667
976000 27.2718
981000 27.3436
986000 27.3677
991000 27.3267
996000 27.2741
