1000 7.7575
6000 7.7818
11000 7.8333
16000 7.8234
21000 7.8185
26000 7.8552
31000 7.8614
36000 7.818
41000 7.884
46000 7.8609
51000 7.8172
56000 7.8671
61000 7.8352
66000 7.873
71000 7.8807
76000 7.8543
81000 7.8922
86000 7.8917
91000 7.8757
96000 7.8781
101000 7.8726
106000 7.9115
111000 7.9463
116000 7.9369
121000 7.9104
126000 7.8882
131000 7.9499
136000 7.9018
141000 7.8806
146000 7.8955
151000 7.8938
156000 7.9083
161000 7.9139
166000 7.8761
171000 7.9289
176000 7.8831
181000 7.8846
186000 7.9523
191000 7.8786
196000 7.8608
201000 7.8939
206000 7.9028
211000 7.8986
216000 7.8721
221000 7.9016
226000 7.8772
231000 7.9054
236000 8.0856
241000 7.8995
246000 7.88
251000 7.9162
256000 7.9376
261000 7.9778
266000 7.8834
271000 7.9589
276000 7.9332
281000 7.9762
286000 7.8852
291000 7.9833
296000 7.9229
301000 7.9853
306000 7.9289
311000 7.9092
316000 7.9081
321000 8.1366
326000 8.0811
331000 7.9225
336000 8.0105
341000 7.9629
346000 7.9787
351000 7.9617
356000 7.9544
361000 7.9114
366000 7.9077
371000 7.9825
376000 8.175
381000 7.9627
386000 7.9431
391000 7.9143
396000 7.9581
401000 7.9442
406000 7.976
411000 7.944
416000 8.0032
421000 7.9878
426000 7.9778
431000 7.9578
436000 7.8843
441000 7.9747
446000 7.9579
451000 7.9726
456000 8.2238
461000 7.9461
466000 7.9188
471000 8.1482
476000 7.9363
481000 7.9539
486000 7.9791
491000 7.987
496000 8.0316
501000 7.9858
506000 7.9265
511000 7.9522
516000 7.9264
521000 8.0344
526000 7.9768
531000 8.0387
536000 7.9262
541000 7.9534
546000 7.9715
551000 7.9429
556000 7.9794
561000 8.0335
566000 7.9772
571000 7.9883
576000 7.9467
581000 7.995
586000 7.9865
591000 7.9758
596000 8.0244
601000 8.0184
606000 8.5372
611000 7.9584
616000 8.0023
621000 8.0226
626000 7.9901
631000 7.9852
636000 7.993
641000 7.924
646000 7.9522
651000 7.9902
656000 8.0461
661000 7.9825
666000 8.0557
671000 7.9805
676000 7.9903
681000 7.9023
686000 8.0153
691000 8.0244
696000 8.0109
701000 8.0612
706000 7.9731
711000 8.603
716000 7.9297
721000 7.9653
726000 7.9829
731000 8.036
736000 8.0052
741000 7.9503
746000 8.0017
751000 7.9323
756000 7.9922
761000 8.1272
766000 8.0244
771000 8.0777
776000 7.9545
781000 8.4045
786000 7.988
791000 7.971
796000 7.9538
801000 8.0109
806000 7.9833
811000 7.9708
816000 7.9463
821000 7.9798
826000 7.9407
831000 8.0107
836000 8.0351
841000 7.9445
846000 7.9705
851000 8.0304
856000 8.0782
861000 7.9262
866000 7.9493
871000 8.0919
876000 7.9937
881000 8.0161
886000 8.0536
891000 8.022
896000 7.9953
901000 8.1226
906000 7.9763
911000 8.0168
916000 8.0264
921000 8.0381
926000 8.0229
931000 7.9891
936000 7.9905
941000 8.3186
946000 7.9736
951000 8.0686
956000 8.0228
961000 7.9997
966000 8.0382
971000 8.0282
976000 8.0736
981000 8.0392
986000 7.9557
991000 8.0437
996000 8.10889
