1000 3.4622
6000 3.4583
11000 3.5175
16000 3.5239
21000 3.5252
26000 3.5791
31000 3.4792
36000 3.5262
41000 3.6402
46000 3.6805
51000 3.5653
56000 3.8813
61000 3.4701
66000 3.7961
71000 3.7246
76000 3.7439
81000 3.9754
86000 3.4662
91000 4.459
96000 4.0158
101000 3.4571
106000 4.2131
111000 4.7275
116000 4.4988
121000 3.6887
126000 3.465
131000 4.0283
136000 3.947
141000 3.8754
146000 4.6363
151000 5.3676
156000 4.2536
161000 4.077
166000 3.8682
171000 3.5509
176000 3.6013
181000 4.7668
186000 3.6639
191000 3.6173
196000 3.8921
201000 4.1441
206000 3.4688
211000 5.7053
216000 3.8215
221000 5.2763
226000 4.6658
231000 4.2326
236000 4.9122
241000 3.8597
246000 3.8363
251000 3.9892
256000 3.6859
261000 3.4597
266000 4.2942
271000 3.5806
276000 5.3865
281000 4.4721
286000 4.282
291000 4.6503
296000 4.9294
301000 4.775
306000 4.0144
311000 4.41
316000 3.9817
321000 4.7189
326000 6.4332
331000 5.128
336000 7.1516
341000 4.6371
346000 4.4164
351000 7.7134
356000 4.5812
361000 5.1429
366000 3.9328
371000 4.0114
376000 3.656
381000 6.1623
386000 5.9476
391000 4.0476
396000 4.6812
401000 5.9738
406000 4.926
411000 6.1577
416000 6.7055
421000 4.3051
426000 5.4018
431000 7.3623
436000 3.4802
441000 5.7506
446000 3.4698
451000 3.483
456000 6.9246
461000 4.3973
466000 3.4733
471000 5.4712
476000 3.47
481000 3.492
486000 7.1075
491000 4.6939
496000 6.0032
501000 3.7616
506000 6.1916
511000 5.8067
516000 4.2468
521000 4.769
526000 4.2529
531000 7.2591
536000 7.3894
541000 3.5818
546000 8.6591
551000 4.5444
556000 5.7914
561000 5.2521
566000 7.7898
571000 6.5558
576000 3.4438
581000 6.6946
586000 5.4602
591000 4.9473
596000 7.0368
601000 5.2889
606000 3.4736
611000 7.823
616000 9.0022
621000 8.8199
626000 4.9066
631000 9.6537
636000 6.338
641000 6.7934
646000 5.9023
651000 4.3737
656000 9.3585
661000 3.4863
666000 6.2513
671000 7.9004
676000 3.4662
681000 3.4561
686000 3.9725
691000 5.2536
696000 6.4164
701000 6.131
706000 3.8607
711000 8.0237
716000 4.4832
721000 10.4249
726000 10.0348
731000 6.9073
736000 8.1806
741000 5.4058
746000 4.5574
751000 4.8684
756000 7.1579
761000 10.6044
766000 12.1076
771000 8.6857
776000 7.1066
781000 7.109
786000 5.5334
791000 6.326
796000 3.659
801000 12.9109
806000 3.6888
811000 3.464
816000 11.949
821000 6.7789
826000 8.1113
831000 8.7891
836000 8.1713
841000 5.6825
846000 12.2483
851000 8.1784
856000 13.3163
861000 3.8649
866000 6.4172
871000 4.032
876000 5.1967
881000 9.5294
886000 6.6151
891000 6.5445
896000 4.3169
901000 9.3225
906000 4.2379
911000 5.4971
916000 6.3631
921000 5.9592
926000 6.8034
931000 5.7241
936000 9.8864
941000 5.5421
946000 7.9442
951000 3.4719
956000 7.9345
961000 8.9543
966000 6.3616
971000 12.8944
976000 3.4404
981000 3.4707
986000 4.1841
991000 6.584
996000 5.9943
