1000 12.3985
6000 16.1616
11000 17.4332
16000 18.2191
21000 18.7942
26000 19.229
31000 19.6026
36000 19.9127
41000 20.1836
46000 20.4188
51000 20.6454
56000 20.843
61000 21.0203
66000 21.1843
71000 21.3346
76000 21.4779
81000 21.6108
86000 21.7396
91000 21.8587
96000 21.971
101000 22.0629
106000 22.0707
111000 22.0719
116000 22.0823
121000 22.0997
126000 22.1025
131000 22.1005
136000 22.1172
141000 22.1197
146000 22.1254
151000 22.1299
156000 22.1377
161000 22.1404
166000 22.1463
171000 22.1443
176000 22.1553
181000 22.1577
186000 22.1665
191000 22.1682
196000 22.1735
201000 22.179
206000 22.182
211000 22.1851
216000 22.1915
221000 22.197
226000 22.1992
231000 22.2037
236000 22.2068
241000 22.2031
246000 22.2143
251000 22.2206
256000 22.2125
261000 22.2235
266000 22.2345
271000 22.2287
276000 22.2326
281000 22.2401
286000 22.2383
291000 22.2388
296000 22.2465
301000 22.2515
306000 22.251
311000 22.2569
316000 22.2579
321000 22.2542
326000 22.2671
331000 22.2722
336000 22.2657
341000 22.2757
346000 22.2706
351000 22.282
356000 22.2783
361000 22.2803
366000 22.2787
371000 22.2904
376000 22.2944
381000 22.2971
386000 22.2978
391000 22.3064
396000 22.3038
401000 22.3069
406000 22.3017
411000 22.3028
416000 22.3189
421000 22.317
426000 22.3158
431000 22.3136
436000 22.3133
441000 22.3229
446000 22.328
451000 22.3286
456000 22.3249
461000 22.3244
466000 22.3429
471000 22.3327
476000 22.3359
481000 22.3434
486000 22.3383
491000 22.3477
496000 22.3424
501000 22.3474
506000 22.3454
511000 22.3564
516000 22.3528
521000 22.3529
526000 22.3568
531000 22.3575
536000 22.362
541000 22.3645
546000 22.3591
551000 22.3711
556000 22.3696
561000 22.3736
566000 22.3689
571000 22.3741
576000 22.3762
581000 22.3792
586000 22.3792
591000 22.3833
596000 22.3829
601000 22.3848
606000 22.3838
611000 22.3865
616000 22.387
621000 22.3995
626000 22.3891
631000 22.3905
636000 22.3969
641000 22.3955
646000 22.3987
651000 22.4008
656000 22.4054
661000 22.4049
666000 22.4052
671000 22.4107
676000 22.4089
681000 22.4091
686000 22.4132
691000 22.4125
696000 22.4128
701000 22.4104
706000 22.4185
711000 22.425
716000 22.4133
721000 22.4223
726000 22.4226
731000 22.4264
736000 22.4276
741000 22.428
746000 22.4335
751000 22.4286
756000 22.4268
761000 22.4317
766000 22.4325
771000 22.4307
776000 22.4353
781000 22.4353
786000 22.4355
791000 22.4372
796000 22.4485
801000 22.4411
806000 22.4453
811000 22.447
816000 22.4497
821000 22.4483
826000 22.4517
831000 22.4476
836000 22.4544
841000 22.4478
846000 22.4515
851000 22.4584
856000 22.4577
861000 22.4553
866000 22.4548
871000 22.4604
876000 22.4603
881000 22.4699
886000 22.4625
891000 22.4661
896000 22.4656
901000 22.4653
906000 22.4714
911000 22.4694
916000 22.4699
921000 22.4734
926000 22.4715
931000 22.4698
936000 22.4805
941000 22.4766
946000 22.4759
951000 22.4789
956000 22.484
961000 22.4818
966000 22.4765
971000 22.4858
976000 22.4855
981000 22.4826
986000 22.4883
991000 22.4797
996000 22.4886
