1000 12.3985
6000 16.1616
11000 17.2346
16000 17.2749
21000 17.2903
26000 17.3115
31000 17.3252
36000 17.3361
41000 17.3474
46000 17.3615
51000 17.3737
56000 17.3841
61000 17.3869
66000 17.416
71000 17.405
76000 17.4146
81000 17.4234
86000 17.4341
91000 17.4415
96000 17.4437
101000 17.447
106000 17.4579
111000 17.4545
116000 17.4748
121000 17.4684
126000 17.4841
131000 17.4878
136000 17.4742
141000 17.4916
146000 17.4939
151000 17.4928
156000 17.5069
161000 17.5148
166000 17.5094
171000 17.5134
176000 17.5101
181000 17.5292
186000 17.5193
191000 17.5277
196000 17.5165
201000 17.5167
206000 17.5205
211000 17.5322
216000 17.5346
221000 17.5396
226000 17.5415
231000 17.5362
236000 17.5505
241000 17.5385
246000 17.5589
251000 17.5452
256000 17.5538
261000 17.5578
266000 17.5458
271000 17.5605
276000 17.561
281000 17.5686
286000 17.5723
291000 17.5681
296000 17.5766
301000 17.587
306000 17.576
311000 17.5695
316000 17.5811
321000 17.5817
326000 17.5844
331000 17.5834
336000 17.5925
341000 17.5927
346000 17.5915
351000 17.605
356000 17.6081
361000 17.6047
366000 17.5936
371000 17.6031
376000 17.5977
381000 17.6087
386000 17.6209
391000 17.6077
396000 17.5975
401000 17.5955
406000 17.6153
411000 17.6227
416000 17.6121
421000 17.6091
426000 17.6035
431000 17.633
436000 17.6236
441000 17.6402
446000 17.6196
451000 17.6255
456000 17.6169
461000 17.6351
466000 17.6419
471000 17.6236
476000 17.6319
481000 17.6398
486000 17.6321
491000 17.6198
496000 17.6318
501000 17.6349
506000 17.6335
511000 17.639
516000 17.6366
521000 17.6361
526000 17.6426
531000 17.6438
536000 17.6529
541000 17.6477
546000 17.6459
551000 17.6447
556000 17.6541
561000 17.6498
566000 17.6517
571000 17.6587
576000 17.6609
581000 17.6414
586000 17.6598
591000 17.6545
596000 17.6589
601000 17.6698
606000 17.6805
611000 17.6751
616000 17.6577
621000 17.6678
626000 17.6678
631000 17.6618
636000 17.673
641000 17.6802
646000 17.6722
651000 17.6711
656000 17.6758
661000 17.6611
666000 17.6675
671000 17.6706
676000 17.6738
681000 17.6741
686000 17.6828
691000 17.6715
696000 17.685
701000 17.6742
706000 17.6788
711000 17.6827
716000 17.6751
721000 17.6913
726000 17.6879
731000 17.6882
736000 17.6884
741000 17.6875
746000 17.6939
751000 17.682
756000 17.698
761000 17.6711
766000 17.6991
771000 17.6909
776000 17.7097
781000 17.6885
786000 17.6891
791000 17.705
796000 17.6948
801000 17.698
806000 17.6903
811000 17.7013
816000 17.7132
821000 17.6806
826000 17.6966
831000 17.7
836000 17.7034
841000 17.6983
846000 17.694
851000 17.6921
856000 17.7005
861000 17.7007
866000 17.723
871000 17.7164
876000 17.7185
881000 17.7081
886000 17.6981
891000 17.7098
896000 17.706
901000 17.7143
906000 17.7055
911000 17.7118
916000 17.7196
921000 17.7071
926000 17.7077
931000 17.7139
936000 17.7214
941000 17.697
946000 17.7237
951000 17.7287
956000 17.7082
961000 17.7147
966000 17.7193
971000 17.7222
976000 17.7275
981000 17.7144
986000 17.731
991000 17.7244
996000 17.7261
