1000 12.3985
6000 16.1616
11000 17.4332
16000 18.2191
21000 18.7942
26000 19.229
31000 19.6026
36000 19.9127
41000 20.1836
46000 20.4188
51000 20.6454
56000 20.843
61000 21.0203
66000 21.1843
71000 21.3346
76000 21.4779
81000 21.6108
86000 21.7396
91000 21.8587
96000 21.971
101000 22.0777
106000 22.1786
111000 22.2866
116000 22.3713
121000 22.4609
126000 22.5432
131000 22.6258
136000 22.7076
141000 22.7793
146000 22.8508
151000 22.9266
156000 22.9907
161000 23.0536
166000 23.1169
171000 23.1821
176000 23.2447
181000 23.3058
186000 23.3613
191000 23.4188
196000 23.4691
201000 23.5442
206000 23.5972
211000 23.6413
216000 23.6947
221000 23.7421
226000 23.7829
231000 23.8292
236000 23.8769
241000 23.9256
246000 23.9608
251000 24.0138
256000 24.0499
261000 24.0915
266000 24.1266
271000 24.1658
276000 24.2041
281000 24.2482
286000 24.2771
291000 24.3181
296000 24.3512
301000 24.3899
306000 24.4281
311000 24.4614
316000 24.4873
321000 24.5231
326000 24.5569
331000 24.5803
336000 24.6208
341000 24.6568
346000 24.6787
351000 24.7084
356000 24.7439
361000 24.7773
366000 24.8061
371000 24.8229
376000 24.8527
381000 24.8745
386000 24.911
391000 24.9366
396000 24.9595
401000 24.9868
406000 25.0157
411000 25.0352
416000 25.0683
421000 25.0937
426000 25.1194
431000 25.1428
436000 25.167
441000 25.1887
446000 25.2223
451000 25.2291
456000 25.2555
461000 25.2824
466000 25.3004
471000 25.3277
476000 25.3473
481000 25.372
486000 25.3875
491000 25.4104
496000 25.4324
501000 25.5039
506000 25.5313
511000 25.5583
516000 25.5719
521000 25.5888
526000 25.609
531000 25.6243
536000 25.6502
541000 25.6696
546000 25.6912
551000 25.7203
556000 25.7298
561000 25.7413
566000 25.761
571000 25.7838
576000 25.8017
581000 25.8226
586000 25.8414
591000 25.8582
596000 25.8787
601000 25.8878
606000 25.9093
611000 25.9171
616000 25.9411
621000 25.9595
626000 25.9707
631000 25.9902
636000 26.0111
641000 26.0234
646000 26.0466
651000 26.0583
656000 26.0821
661000 26.0892
666000 26.1115
671000 26.1241
676000 26.1372
681000 26.1589
686000 26.1654
691000 26.1843
696000 26.202
701000 26.2141
706000 26.2377
711000 26.2485
716000 26.2591
721000 26.2723
726000 26.2871
731000 26.2936
736000 26.3148
741000 26.3261
746000 26.3478
751000 26.3552
756000 26.3763
761000 26.3806
766000 26.3991
771000 26.4106
776000 26.4324
781000 26.4389
786000 26.4453
791000 26.465
796000 26.4814
801000 26.493
806000 26.508
811000 26.5234
816000 26.5274
821000 26.5511
826000 26.5496
831000 26.5656
836000 26.5826
841000 26.5996
846000 26.6049
851000 26.6272
856000 26.6378
861000 26.6422
866000 26.6616
871000 26.6666
876000 26.6839
881000 26.6887
886000 26.7084
891000 26.7165
896000 26.7298
901000 26.7327
906000 26.7434
911000 26.7706
916000 26.7692
921000 26.7856
926000 26.7968
931000 26.8075
936000 26.8187
941000 26.8406
946000 26.8419
951000 26.8613
956000 26.8649
961000 26.8745
966000 26.8868
971000 26.8991
976000 26.9062
981000 26.9213
986000 26.9334
991000 26.9402
996000 26.9508
