1000 7.5667
6000 7.7321
11000 7.8132
16000 8.036
21000 8.15
26000 8.3319
31000 8.4405
36000 8.7044
41000 8.4443
46000 8.7342
51000 8.6906
56000 9.1393
61000 9.0745
66000 9.2199
71000 9.2573
76000 10.0808
81000 9.1903
86000 9.7754
91000 9.8764
96000 11.3176
101000 9.9243
106000 11.5467
111000 10.5705
116000 10.991
121000 11.3897
126000 9.5266
131000 11.4465
136000 9.2816
141000 10.6134
146000 11.411
151000 12.2895
156000 11.5613
161000 11.4573
166000 12.1069
171000 11.9329
176000 11.1609
181000 12.0745
186000 12.0055
191000 9.747
196000 14.1883
201000 10.9106
206000 11.7237
211000 14.2372
216000 14.2411
221000 14.7317
226000 14.4329
231000 13.5708
236000 12.3517
241000 12.0746
246000 12.3197
251000 13.0892
256000 11.8165
261000 14.0199
266000 14.9721
271000 14.0547
276000 14.831
281000 13.126
286000 13.3074
291000 13.5762
296000 14.0139
301000 13.5345
306000 13.1698
311000 13.0498
316000 15.4
321000 14.2408
326000 20.2708
331000 16.2184
336000 15.9754
341000 16.1374
346000 16.7255
351000 16.3375
356000 16.8097
361000 18.648
366000 16.2745
371000 15.215
376000 17.8853
381000 18.8284
386000 18.8672
391000 12.9667
396000 19.2176
401000 16.4285
406000 19.7298
411000 18.0863
416000 16.9303
421000 16.1535
426000 20.0024
431000 23.1527
436000 14.85
441000 19.638
446000 18.8927
451000 17.4212
456000 23.1742
461000 18.352
466000 14.6644
471000 18.7988
476000 16.4566
481000 19.843
486000 20.8842
491000 18.365
496000 27.3168
501000 25.5422
506000 21.663
511000 21.2106
516000 19.5599
521000 21.2332
526000 19.4178
531000 22.777
536000 23.6467
541000 21.1178
546000 26.7153
551000 18.1871
556000 23.2819
561000 22.6204
566000 24.5916
571000 16.8747
576000 22.5697
581000 20.4716
586000 24.8737
591000 23.2802
596000 27.0088
601000 23.3507
606000 31.03
611000 25.178
616000 18.4272
621000 25.042
626000 20.551
631000 23.3029
636000 26.7623
641000 22.9018
646000 27.5643
651000 19.8035
656000 27.0371
661000 23.4153
666000 20.1572
671000 29.7558
676000 29.0566
681000 21.584
686000 28.5061
691000 27.6822
696000 22.309
701000 32.2637
706000 23.3403
711000 27.1092
716000 19.9554
721000 31.1675
726000 32.7582
731000 32.6159
736000 25.8212
741000 28.2929
746000 27.4937
751000 26.611
756000 25.4439
761000 26.8944
766000 25.3587
771000 33.1611
776000 30.5555
781000 29.7021
786000 24.1093
791000 30.961
796000 27.1514
801000 27.915
806000 19.1904
811000 28.1037
816000 24.4124
821000 32.3744
826000 28.2529
831000 32.5426
836000 19.9543
841000 31.3613
846000 27.9364
851000 32.7109
856000 39.2289
861000 24.714
866000 29.8673
871000 23.5799
876000 32.524
881000 37.202
886000 32.0703
891000 24.6066
896000 23.3388
901000 31.8212
906000 26.9672
911000 27.2219
916000 35.7241
921000 35.2103
926000 38.1606
931000 27.5024
936000 32.6749
941000 30.7976
946000 31.998
951000 26.1133
956000 31.4822
961000 32.9913
966000 25.1478
971000 34.3834
976000 30.7617
981000 32.2768
986000 28.8841
991000 28.121
996000 25.3419
