1000 12.3985
6000 12.4803
11000 12.5251
16000 12.522
21000 12.5384
26000 12.5446
31000 12.5544
36000 12.5818
41000 12.5796
46000 12.5521
51000 12.5779
56000 12.5798
61000 12.5822
66000 12.5998
71000 12.6096
76000 12.5917
81000 12.6029
86000 12.6152
91000 12.6119
96000 12.6341
101000 12.6307
106000 12.644
111000 12.6284
116000 12.64
121000 12.6503
126000 12.6436
131000 12.6339
136000 12.6424
141000 12.617
146000 12.6549
151000 12.6797
156000 12.6428
161000 12.6463
166000 12.63
171000 12.6412
176000 12.6642
181000 12.6444
186000 12.6572
191000 12.6588
196000 12.6738
201000 12.6622
206000 12.6691
211000 12.6658
216000 12.6799
221000 12.6763
226000 12.6574
231000 12.6648
236000 12.6543
241000 12.6482
246000 12.6895
251000 12.6447
256000 12.681
261000 12.6743
266000 12.705
271000 12.7013
276000 12.6636
281000 12.6789
286000 12.6738
291000 12.6903
296000 12.7079
301000 12.6918
306000 12.6649
311000 12.6997
316000 12.6946
321000 12.6796
326000 12.6804
331000 12.6688
336000 12.6713
341000 12.6553
346000 12.6775
351000 12.7003
356000 12.6731
361000 12.706
366000 12.6984
371000 12.7055
376000 12.6888
381000 12.7446
386000 12.6964
391000 12.6872
396000 12.6931
401000 12.6907
406000 12.6915
411000 12.6958
416000 12.7199
421000 12.7203
426000 12.7284
431000 12.7106
436000 12.6945
441000 12.7183
446000 12.7139
451000 12.729
456000 12.6921
461000 12.7156
466000 12.6878
471000 12.7926
476000 12.7199
481000 12.7472
486000 12.6996
491000 12.7081
496000 12.7277
501000 12.7012
506000 12.6728
511000 12.7482
516000 12.7425
521000 12.7113
526000 12.7074
531000 12.7207
536000 12.7221
541000 12.7344
546000 12.7229
551000 12.7494
556000 12.7233
561000 12.7284
566000 12.7601
571000 12.7156
576000 12.7504
581000 12.7942
586000 12.7128
591000 12.7351
596000 12.7376
601000 12.7403
606000 12.7291
611000 12.7317
616000 12.7307
621000 12.7393
626000 12.7415
631000 12.8045
636000 12.7366
641000 12.7382
646000 12.7604
651000 12.7219
656000 12.7426
661000 12.7415
666000 12.7303
671000 12.7254
676000 12.7226
681000 12.7863
686000 12.7226
691000 12.7362
696000 12.7123
701000 12.7421
706000 12.7438
711000 12.7169
716000 12.7345
721000 12.736
726000 12.7253
731000 12.7557
736000 12.7049
741000 12.7162
746000 12.7424
751000 12.8206
756000 12.7168
761000 12.7538
766000 12.7462
771000 12.7599
776000 12.7836
781000 12.7526
786000 12.7701
791000 12.7429
796000 12.7511
801000 12.735
806000 12.7397
811000 12.7705
816000 12.7354
821000 12.7236
826000 12.7435
831000 12.7144
836000 12.7461
841000 12.7525
846000 12.7718
851000 12.7433
856000 12.7514
861000 12.7278
866000 12.7287
871000 12.7648
876000 12.7553
881000 12.7514
886000 12.7386
891000 12.7625
896000 12.745
901000 12.7293
906000 12.7573
911000 12.7571
916000 12.757
921000 12.773
926000 12.7771
931000 12.7929
936000 12.7547
941000 12.7651
946000 12.7781
951000 12.7571
956000 12.8059
961000 12.752
966000 12.7489
971000 12.731
976000 12.7727
981000 12.7539
986000 12.7579
991000 12.7563
996000 12.7693
