1000 11.9979
6000 15.5696
11000 16.6242
16000 16.6746
21000 16.7209
26000 16.7503
31000 16.7917
36000 16.8375
41000 16.8749
46000 16.9011
51000 16.937
56000 16.961
61000 17.0072
66000 17.0729
71000 17.0668
76000 17.1009
81000 17.1177
86000 17.1919
91000 17.1962
96000 17.2509
101000 17.2976
106000 17.2895
111000 17.3269
116000 17.3368
121000 17.369
126000 17.4379
131000 17.4543
136000 17.433
141000 17.4746
146000 17.4898
151000 17.5367
156000 17.5509
161000 17.575
166000 17.6728
171000 17.6558
176000 17.7028
181000 17.7295
186000 17.7771
191000 17.7383
196000 17.7794
201000 17.7976
206000 17.8827
211000 17.8331
216000 17.8727
221000 17.9978
226000 17.9907
231000 18.1712
236000 18.0275
241000 18.0477
246000 18.0493
251000 18.3112
256000 18.1747
261000 18.2036
266000 18.3887
271000 18.1281
276000 18.3092
281000 18.3365
286000 18.2179
291000 18.424
296000 18.3429
301000 18.4429
306000 18.2659
311000 18.4044
316000 18.6464
321000 18.3411
326000 18.6191
331000 18.5385
336000 18.5569
341000 18.6969
346000 18.6597
351000 18.7069
356000 18.6514
361000 18.6362
366000 18.6984
371000 18.7708
376000 18.6654
381000 18.9008
386000 18.9574
391000 18.8577
396000 19.0816
401000 19.0051
406000 18.9597
411000 19.0915
416000 19.0643
421000 18.965
426000 18.9733
431000 19.4674
436000 19.077
441000 19.2577
446000 19.1169
451000 19.1504
456000 19.369
461000 19.2579
466000 19.259
471000 19.6572
476000 19.495
481000 19.2188
486000 19.326
491000 19.3369
496000 19.5347
501000 19.1861
506000 19.4404
511000 19.5359
516000 19.7188
521000 19.4389
526000 19.677
531000 19.3461
536000 19.6343
541000 19.5452
546000 19.5136
551000 19.7215
556000 19.6598
561000 19.8262
566000 20.0657
571000 19.8046
576000 19.9488
581000 20.017
586000 19.9083
591000 19.8757
596000 19.8911
601000 20.2512
606000 19.8365
611000 20.1139
616000 20.2372
621000 19.8412
626000 19.8939
631000 19.8429
636000 20.0474
641000 20.4078
646000 20.1902
651000 20.4042
656000 20.5283
661000 20.1018
666000 20.0666
671000 20.2527
676000 20.3931
681000 20.2588
686000 20.6944
691000 20.6088
696000 20.4577
701000 20.3917
706000 20.6591
711000 20.5846
716000 20.5552
721000 20.6448
726000 20.4897
731000 20.8625
736000 21.0638
741000 20.6529
746000 20.9778
751000 20.73
756000 20.8216
761000 21.0342
766000 21.0035
771000 21.2761
776000 21.1391
781000 20.6147
786000 21.3487
791000 21.5962
796000 21.178
801000 21.5201
806000 20.8902
811000 21.3705
816000 21.4396
821000 21.1208
826000 21.2168
831000 21.4395
836000 21.1287
841000 21.6122
846000 21.3488
851000 21.3054
856000 21.7763
861000 21.4481
866000 21.576
871000 21.4612
876000 21.2189
881000 21.4475
886000 21.5316
891000 20.9876
896000 21.6227
901000 21.1027
906000 21.5153
911000 21.8426
916000 21.8066
921000 21.8487
926000 21.6594
931000 21.7488
936000 21.8299
941000 22.0279
946000 21.7768
951000 21.8898
956000 21.928
961000 22.0785
966000 21.9172
971000 22.229
976000 21.8241
981000 21.9271
986000 22.0987
991000 21.9901
996000 21.8063
