1000 11.9979
6000 12.1212
11000 12.1893
16000 12.3012
21000 12.4005
26000 12.4382
31000 12.4747
36000 12.5
41000 12.6845
46000 12.6554
51000 12.6405
56000 12.7747
61000 12.9607
66000 12.9358
71000 12.9521
76000 13.0612
81000 13.0843
86000 13.2848
91000 13.2985
96000 13.3215
101000 13.4496
106000 13.4083
111000 13.6848
116000 13.6835
121000 13.6594
126000 13.6353
131000 13.8355
136000 14.0909
141000 13.9231
146000 13.8762
151000 13.9247
156000 14.015
161000 14.1645
166000 13.9293
171000 14.1956
176000 14.3548
181000 14.4474
186000 14.4793
191000 14.5184
196000 14.9931
201000 15.1869
206000 14.3807
211000 14.9305
216000 14.8723
221000 15.1727
226000 15.1067
231000 15.209
236000 15.1148
241000 15.1569
246000 14.9444
251000 15.1759
256000 15.4742
261000 15.1623
266000 15.4285
271000 15.6384
276000 15.679
281000 15.4966
286000 15.7272
291000 15.9671
296000 15.3373
301000 16.2212
306000 15.6208
311000 16.0296
316000 16.5434
321000 16.1604
326000 16.0274
331000 16.9481
336000 16.2087
341000 16.5711
346000 16.471
351000 16.7267
356000 16.1293
361000 17.2468
366000 16.6059
371000 16.4056
376000 17.5904
381000 17.3513
386000 17.4177
391000 16.9712
396000 16.9325
401000 16.5408
406000 17.2576
411000 18.184
416000 16.9649
421000 17.2903
426000 17.1092
431000 17.6247
436000 17.19
441000 17.7042
446000 17.3106
451000 16.8861
456000 17.0715
461000 18.3189
466000 18.9597
471000 17.0402
476000 18.2708
481000 18.1891
486000 18.0941
491000 17.8208
496000 17.9965
501000 18.0207
506000 19.0486
511000 18.6852
516000 19.4886
521000 18.7769
526000 18.8164
531000 18.5334
536000 20.0263
541000 18.558
546000 19.3018
551000 18.5362
556000 18.4947
561000 19.5355
566000 19.8961
571000 20.4677
576000 19.203
581000 18.3523
586000 19.8819
591000 19.2281
596000 19.9158
601000 20.1388
606000 20.6377
611000 20.0151
616000 19.406
621000 19.1426
626000 19.8414
631000 19.3322
636000 19.2758
641000 19.5813
646000 18.7632
651000 19.6412
656000 20.0452
661000 20.1882
666000 20.5617
671000 20.4279
676000 21.702
681000 20.179
686000 22.0945
691000 20.7479
696000 21.3284
701000 20.6533
706000 20.4051
711000 20.041
716000 21.9895
721000 20.9797
726000 20.9562
731000 21.4568
736000 21.942
741000 20.3974
746000 22.6321
751000 21.8629
756000 20.7287
761000 21.7335
766000 20.5623
771000 21.9505
776000 21.4939
781000 21.8067
786000 22.2963
791000 21.8706
796000 22.7928
801000 23.1943
806000 21.2402
811000 23.5801
816000 22.2788
821000 23.5669
826000 23.4957
831000 21.3458
836000 22.7004
841000 22.9913
846000 22.529
851000 23.1812
856000 22.6557
861000 23.0862
866000 23.7835
871000 22.3939
876000 23.3713
881000 22.121
886000 22.4147
891000 23.7929
896000 24.824
901000 22.4461
906000 23.5551
911000 23.4588
916000 24.3277
921000 23.2214
926000 24.1307
931000 22.7622
936000 23.1988
941000 22.4509
946000 25.3676
951000 25.2715
956000 23.4528
961000 26.2542
966000 22.8447
971000 26.3965
976000 25.1228
981000 24.2743
986000 24.0352
991000 24.7713
996000 23.3578
