1000 11.9979
6000 15.5696
11000 16.8203
16000 17.5574
21000 18.1086
26000 18.5374
31000 18.8852
36000 19.1846
41000 19.4384
46000 19.6695
51000 19.8859
56000 20.0796
61000 20.2464
66000 20.4041
71000 20.5505
76000 20.683
81000 20.8126
86000 20.9367
91000 21.0495
96000 21.1551
101000 21.3093
106000 21.4176
111000 21.5196
116000 21.5955
121000 21.6812
126000 21.7708
131000 21.8428
136000 21.9112
141000 22.0004
146000 22.0604
151000 22.1211
156000 22.1944
161000 22.256
166000 22.3193
171000 22.3764
176000 22.4428
181000 22.4936
186000 22.5457
191000 22.6169
196000 22.654
201000 22.9974
206000 23.0634
211000 23.1105
216000 23.1308
221000 23.1774
226000 23.2479
231000 23.2714
236000 23.344
241000 23.3612
246000 23.3964
251000 23.4365
256000 23.5396
261000 23.552
266000 23.5999
271000 23.5935
276000 23.644
281000 23.6933
286000 23.7115
291000 23.7715
296000 23.8351
301000 23.827
306000 23.8732
311000 23.89
316000 23.9673
321000 23.9877
326000 24.0347
331000 24.0304
336000 24.0884
341000 24.1254
346000 24.1346
351000 24.1538
356000 24.1719
361000 24.2266
366000 24.263
371000 24.2855
376000 24.3143
381000 24.3031
386000 24.3551
391000 24.3836
396000 24.3766
401000 24.4327
406000 24.4561
411000 24.4837
416000 24.5091
421000 24.5393
426000 24.543
431000 24.5981
436000 24.6222
441000 24.6012
446000 24.6447
451000 24.7043
456000 24.671
461000 24.7061
466000 24.7229
471000 24.7531
476000 24.762
481000 24.7857
486000 24.8001
491000 24.8444
496000 24.8466
501000 25.9435
506000 25.9938
511000 25.8787
516000 25.8861
521000 25.9327
526000 25.9873
531000 25.8934
536000 25.956
541000 25.9757
546000 25.989
551000 26.1097
556000 26.0983
561000 26.084
566000 26.0519
571000 26.1402
576000 26.0998
581000 26.0879
586000 26.1389
591000 26.1677
596000 26.239
601000 26.2624
606000 26.3898
611000 26.2199
616000 26.318
621000 26.2937
626000 26.3332
631000 26.488
636000 26.3564
641000 26.3998
646000 26.4549
651000 26.4788
656000 26.4281
661000 26.3585
666000 26.5574
671000 26.445
676000 26.4902
681000 26.5992
686000 26.4643
691000 26.5644
696000 26.5129
701000 26.6167
706000 26.6279
711000 26.6475
716000 26.5933
721000 26.6014
726000 26.6459
731000 26.686
736000 26.7435
741000 26.7332
746000 26.6915
751000 26.872
756000 26.7234
761000 26.7796
766000 26.8142
771000 26.831
776000 26.7829
781000 26.8595
786000 26.833
791000 26.8328
796000 26.9048
801000 26.8827
806000 26.9289
811000 26.8937
816000 26.9777
821000 27.0549
826000 26.9805
831000 27.1092
836000 26.9435
841000 27.0134
846000 26.9423
851000 27.0077
856000 27.0317
861000 26.954
866000 27.0468
871000 27.011
876000 27.0493
881000 26.9834
886000 27.0307
891000 27.132
896000 27.1766
901000 27.1563
906000 27.1058
911000 27.1901
916000 27.1629
921000 27.1965
926000 27.1836
931000 27.2692
936000 27.2239
941000 27.2284
946000 27.1033
951000 27.1456
956000 27.2436
961000 27.2657
966000 27.2381
971000 27.2846
976000 27.2141
981000 27.3863
986000 27.3841
991000 27.3474
996000 27.2607
