1000 11.9979
6000 15.5696
11000 16.8203
16000 17.5574
21000 18.1086
26000 18.5374
31000 18.8852
36000 19.1846
41000 19.4384
46000 19.6695
51000 19.8859
56000 20.0796
61000 20.2464
66000 20.4041
71000 20.5505
76000 20.683
81000 20.8126
86000 20.9367
91000 21.0495
96000 21.1551
101000 21.3058
106000 21.3174
111000 21.317
116000 21.3405
121000 21.3598
126000 21.3672
131000 21.369
136000 21.3877
141000 21.4186
146000 21.4245
151000 21.4373
156000 21.4308
161000 21.4406
166000 21.4591
171000 21.4481
176000 21.4958
181000 21.5015
186000 21.4979
191000 21.5128
196000 21.5166
201000 21.5483
206000 21.5517
211000 21.5591
216000 21.5497
221000 21.5696
226000 21.592
231000 21.5907
236000 21.616
241000 21.6133
246000 21.6097
251000 21.6537
256000 21.6297
261000 21.6744
266000 21.6642
271000 21.6724
276000 21.6806
281000 21.6837
286000 21.6946
291000 21.6922
296000 21.7383
301000 21.7243
306000 21.7154
311000 21.7683
316000 21.8154
321000 21.7657
326000 21.78
331000 21.8048
336000 21.836
341000 21.8389
346000 21.8214
351000 21.8349
356000 21.8385
361000 21.877
366000 21.8591
371000 21.8529
376000 21.884
381000 21.8863
386000 21.9438
391000 21.9056
396000 21.9238
401000 21.9217
406000 21.9249
411000 21.94
416000 21.968
421000 21.9465
426000 21.976
431000 21.9824
436000 21.9587
441000 21.9951
446000 22.0226
451000 21.9977
456000 22.0636
461000 22.0425
466000 22.0232
471000 22.0507
476000 22.0834
481000 22.0577
486000 22.0282
491000 22.1229
496000 22.0226
501000 22.1286
506000 22.1054
511000 22.1425
516000 22.1195
521000 22.1144
526000 22.1368
531000 22.1824
536000 22.2027
541000 22.1815
546000 22.1625
551000 22.1833
556000 22.2091
561000 22.2063
566000 22.2747
571000 22.204
576000 22.2395
581000 22.2199
586000 22.273
591000 22.2934
596000 22.2752
601000 22.2539
606000 22.2418
611000 22.3128
616000 22.3051
621000 22.2908
626000 22.3007
631000 22.304
636000 22.369
641000 22.3574
646000 22.3517
651000 22.4133
656000 22.3828
661000 22.3328
666000 22.4085
671000 22.3874
676000 22.3436
681000 22.4261
686000 22.3978
691000 22.4364
696000 22.4026
701000 22.4723
706000 22.4545
711000 22.441
716000 22.483
721000 22.4753
726000 22.4482
731000 22.5476
736000 22.4963
741000 22.529
746000 22.4813
751000 22.568
756000 22.5525
761000 22.5661
766000 22.505
771000 22.5378
776000 22.5586
781000 22.5633
786000 22.6458
791000 22.5853
796000 22.6107
801000 22.6343
806000 22.6265
811000 22.6751
816000 22.6337
821000 22.6311
826000 22.6099
831000 22.6314
836000 22.7087
841000 22.6711
846000 22.7278
851000 22.7106
856000 22.7212
861000 22.6815
866000 22.8459
871000 22.7818
876000 22.6722
881000 22.7952
886000 22.7672
891000 22.7815
896000 22.7638
901000 22.7837
906000 22.8308
911000 22.8441
916000 22.8019
921000 22.869
926000 22.7938
931000 22.9549
936000 22.803
941000 22.8594
946000 22.8333
951000 22.8379
956000 22.9203
961000 22.9441
966000 22.8381
971000 22.9396
976000 22.8778
981000 22.8211
986000 23.0188
991000 23.0496
996000 22.9395
