1000 3.526
6000 3.5047
11000 3.5188
16000 3.5104
21000 3.5302
26000 3.53
31000 3.5323
36000 3.5158
41000 3.5361
46000 3.5163
51000 3.5279
56000 3.5318
61000 3.5264
66000 3.5157
71000 3.5132
76000 3.5166
81000 3.5423
86000 3.5342
91000 3.5165
96000 3.5452
101000 3.51
106000 3.5364
111000 3.5533
116000 3.5575
121000 3.5288
126000 3.51
131000 3.5459
136000 3.5109
141000 3.5344
146000 3.5425
151000 3.5355
156000 3.5432
161000 3.5512
166000 3.5267
171000 3.5377
176000 3.5127
181000 3.5187
186000 3.5002
191000 3.5415
196000 3.5188
201000 3.5568
206000 3.5251
211000 3.5452
216000 3.5358
221000 3.5167
226000 3.533
231000 3.5325
236000 3.5739
241000 3.5313
246000 3.533
251000 3.5474
256000 3.5251
261000 3.5094
266000 3.5116
271000 3.5358
276000 3.5734
281000 3.5835
286000 3.4979
291000 3.5359
296000 3.5329
301000 3.5427
306000 3.5572
311000 3.5289
316000 3.5269
321000 3.5332
326000 3.553
331000 3.5016
336000 3.5702
341000 3.5494
346000 3.5605
351000 3.5679
356000 3.5343
361000 3.5534
366000 3.5237
371000 3.527
376000 3.5439
381000 3.5623
386000 3.5168
391000 3.5456
396000 3.5411
401000 3.5647
406000 3.5442
411000 3.5709
416000 3.5309
421000 3.5554
426000 3.589
431000 3.5435
436000 3.5433
441000 3.5188
446000 3.5299
451000 3.5306
456000 3.6879
461000 3.5321
466000 3.5317
471000 3.6592
476000 3.5266
481000 3.5458
486000 3.6012
491000 3.535
496000 3.5783
501000 3.5296
506000 3.5526
511000 3.5283
516000 3.5335
521000 3.5141
526000 3.513
531000 3.5983
536000 3.5448
541000 3.5437
546000 3.5467
551000 3.5474
556000 3.5427
561000 3.5119
566000 3.5931
571000 3.5861
576000 3.504
581000 3.5712
586000 3.5531
591000 3.5312
596000 3.5701
601000 3.575
606000 3.524
611000 3.551
616000 3.6166
621000 3.5637
626000 3.5346
631000 3.5524
636000 3.5409
641000 3.5533
646000 3.5529
651000 3.5365
656000 3.5229
661000 3.534
666000 3.5732
671000 3.5232
676000 3.5288
681000 3.5032
686000 3.5378
691000 3.5367
696000 3.575
701000 3.5385
706000 3.5402
711000 3.6857
716000 3.5387
721000 3.5589
726000 3.5491
731000 3.5778
736000 3.5552
741000 3.526
746000 3.5175
751000 3.5648
756000 3.5931
761000 3.6295
766000 3.5609
771000 3.5926
776000 3.5308
781000 3.7353
786000 3.5292
791000 3.5528
796000 3.5381
801000 3.5653
806000 3.5285
811000 3.5332
816000 3.5396
821000 3.5315
826000 3.5787
831000 3.53
836000 3.5836
841000 3.5427
846000 3.5916
851000 3.5413
856000 3.566
861000 3.5154
866000 3.5446
871000 3.5386
876000 3.5514
881000 3.5488
886000 3.5252
891000 3.5429
896000 3.5529
901000 3.5085
906000 3.5274
911000 3.5214
916000 3.5701
921000 3.5238
926000 3.5183
931000 3.5379
936000 3.5881
941000 3.6067
946000 3.552
951000 3.5251
956000 3.5467
961000 3.5264
966000 3.5397
971000 3.5276
976000 3.4989
981000 3.532
986000 3.5221
991000 3.5361
996000 3.58384
